0030481711046 Gabriel Giovani 5.86 20
0030481711012 Teste 2 8.70 5
0030481711013 Teste 3 4.50 5
0030481711014 Teste 4 9.20 5
0030481711015 Teste 5 1.40 5
0030481711016 Teste 6 4.95 5
0030481711017 Teste 7 5.86 5
0030481711018 Teste 8 2.47 5
0030481711019 Teste 9 3.14 5
0030481711020 Teste 0 6.94 5
0030481711021 Teste 11 3.14 5
0030481711022 Teste 12 0.48 5
0030481711023 Teste 13 4.70 5
0030481711024 Teste 14 5.70 5
0030481711025 Teste 15 1.48 5
0030481711026 Teste 16 3.14 5
0030481711027 Teste 17 2.10 5
0030481711028 Teste 18 5.84 5
0030481711029 Teste 19 5.86 5
0030481711030 Teste 20 5.88 5
0030481711014 Teste 4 9.20 5
0030481711012 Teste 2 8.70 5
0030481711020 Teste 0 6.94 5
0030481711030 Teste 20 5.88 5
0030481711046 Gabriel Giovani 5.86 20
0030481711029 Teste 19 5.86 5
0030481711017 Teste 7 5.86 5
0030481711028 Teste 18 5.84 5
0030481711024 Teste 14 5.70 5
0030481711016 Teste 6 4.95 5
0030481711023 Teste 13 4.70 5
0030481711013 Teste 3 4.50 5
0030481711021 Teste 11 3.14 5
0030481711026 Teste 16 3.14 5
0030481711019 Teste 9 3.14 5
0030481711018 Teste 8 2.47 5
0030481711027 Teste 17 2.10 5
0030481711025 Teste 15 1.48 5
0030481711015 Teste 5 1.40 5
0030481711022 Teste 12 0.48 5
